beat = 0.08s

8 1 2 3 4 5 6 7 
8 0 2 3 4 5 6 7
8 0 0 3 4 5 6 7
8 0 0 0 4 5 6 7
8 0 0 0 0 5 6 7
8 0 0 0 0 0 6 7
8 0 0 0 0 0 0 7
8 0 0 0 0 0 0 0

8 0 2 3 4 5 6 7
8 1 2 3 4 5 6 7
8 0 0 3 4 5 6 7
8 0 0 0 4 5 6 7
8 0 0 0 0 5 6 7
8 0 0 0 0 0 6 7
8 0 0 0 0 0 0 7
8 0 0 0 0 0 0 0

8 0 0 3 4 5 6 7
8 0 2 3 4 5 6 7
8 1 2 3 4 5 6 7
8 0 0 0 4 5 6 7 
8 0 0 0 0 5 6 7
8 0 0 0 0 0 6 7
8 0 0 0 0 0 0 7
8 0 0 0 0 0 0 0

8 0 0 0 4 5 6 7
8 0 2 3 4 5 6 7
8 0 2 3 4 5 6 7
8 1 0 3 4 5 6 7
8 0 0 0 0 5 6 7
8 0 0 0 0 0 6 7
8 0 0 0 0 0 0 7
8 0 0 0 0 0 0 0

8 0 0 0 0 5 6 7
8 0 0 3 4 5 6 7
8 0 2 3 4 5 6 7
8 0 2 3 4 5 6 7
8 1 0 0 4 5 6 7
8 0 0 0 0 0 6 7
8 0 0 0 0 0 0 7
8 0 0 0 0 0 0 0

8 0 0 0 0 0 6 7 
8 0 0 3 4 5 6 7 
8 0 2 3 4 5 6 7
8 0 2 3 4 5 6 7 
8 0 0 0 4 5 6 7
8 1 0 0 0 5 6 7 
8 0 0 0 0 0 0 7
8 0 0 0 0 0 0 0

8 0 0 0 0 0 0 7
8 0 0 0 4 5 6 7
8 0 0 3 4 5 6 7
8 0 2 3 4 5 6 7
8 0 2 3 4 5 6 7 
8 0 0 0 0 5 6 7 
8 1 0 0 0 0 6 7
8 0 0 0 0 0 0 0

beat = 0.16s

8 0 0 0 0 0 0 0
8 0 0 0 4 5 6 7
8 0 0 3 4 5 6 7
8 0 2 3 4 5 6 7
8 0 2 3 4 5 6 7
8 0 0 0 0 5 6 7
8 0 0 0 0 0 6 7 
8 1 0 0 0 0 0 7

8 0 0 0 0 0 0 0 
8 0 0 0 0 5 6 7
8 0 0 3 4 5 6 7
8 0 0 3 4 5 6 7 
8 0 2 3 4 5 6 7
8 0 2 0 4 5 6 7 
8 1 0 0 0 0 6 7
8 0 0 0 0 0 0 7

8 0 0 0 0 0 0 0
8 0 0 0 0 5 6 7 
8 0 0 0 4 5 6 7
8 0 0 3 4 5 6 7
8 0 2 3 4 5 6 7
8 1 2 3 4 5 6 7
8 0 0 0 0 0 6 7
8 0 0 0 0 0 0 7

8 0 0 0 0 0 0 0
8 0 0 0 0 0 6 7 
8 0 0 0 4 5 6 7 
8 0 0 3 4 5 6 7
8 1 0 3 4 5 6 7
8 0 2 3 4 5 6 7
8 0 2 0 0 5 6 7
8 0 0 0 0 0 0 7

8 0 0 0 0 0 0 0
8 0 0 0 0 0 6 7 
8 0 0 0 4 5 6 7
8 1 0 3 4 5 6 7
8 0 0 3 4 5 6 7
8 0 2 3 4 5 6 7
8 0 2 0 0 5 6 7
8 0 0 0 0 0 0 7

8 0 0 0 0 0 0 0
8 0 0 0 0 0 0 7
8 1 0 0 0 5 6 7
8 0 0 0 4 5 6 7
8 0 0 3 4 5 6 7
8 0 0 3 4 5 6 7
8 0 2 3 4 5 6 7
8 0 2 0 0 0 6 7

8 0 0 0 0 0 0 0
8 1 0 0 0 0 0 7
8 0 0 0 0 5 6 7
8 0 0 0 4 5 6 7
8 0 0 3 4 5 6 7
8 0 0 3 4 5 6 7
8 0 2 3 4 5 6 7 
8 0 2 0 0 0 6 7

8 1 0 0 0 0 0 0
8 0 0 0 0 0 0 0
8 0 0 0 0 5 6 7 
8 0 0 0 4 5 6 7
8 0 0 3 4 5 6 7
8 0 0 3 4 5 6 7
8 0 0 3 4 5 6 7
8 0 2 0 0 0 6 7

8 1 0 0 0 0 0 0
8 0 0 0 0 0 0 0
8 0 0 0 0 5 6 7 
8 0 0 0 4 5 6 7 
8 0 0 3 4 5 6 7
8 0 0 3 4 5 6 7
8 0 0 3 4 5 6 7
8 0 1 0 0 0 6 7


beat = 0.08s

8 0 2 0 0 0 0 7
8 1 0 0 0 0 0 0
8 0 0 0 0 0 6 7
8 0 0 0 4 5 6 7
8 0 0 0 4 5 6 7
8 0 0 3 4 5 6 7
8 0 0 3 4 5 6 7
8 0 2 3 0 5 6 7

8 0 2 0 0 0 0 7
0 0 0 0 0 0 0 0
7 8 0 0 0 0 6 7
7 8 0 0 0 5 6 7
7 8 0 0 4 5 6 7
7 8 0 3 4 5 6 7
7 8 1 3 4 5 6 7
7 8 0 3 4 5 6 7
7 8 0 0 0 0 0 7

7 8 0 0 0 0 0 7
0 8 0 0 0 0 0 0
7 8 0 0 0 0 0 7
7 8 0 0 0 5 5 7
7 8 1 0 3 5 5 7
7 8 0 0 3 5 5 7
7 8 0 2 3 5 5 7
7 8 0 2 0 5 5 7

7 8 0 0 0 0 0 7
0 8 0 0 0 0 0 0
7 8 0 0 0 0 0 7
7 8 1 0 0 5 5 7
7 8 0 0 0 5 5 7
7 8 0 0 3 5 5 7
7 8 0 2 3 5 5 7
7 8 0 2 3 5 5 7

7 8 0 0 0 0 0 7
0 8 0 0 0 0 0 0
7 8 0 0 0 0 0 7
7 8 0 0 0 0 5 7
7 8 0 0 0 4 5 7
7 8 0 0 3 4 5 7
7 8 0 0 3 4 5 7
7 8 0 2 3 4 5 7

7 8 0 2 0 0 0 7
0 8 1 0 0 0 0 0
7 8 0 0 0 0 0 0
7 8 0 0 0 0 5 6
7 8 0 0 0 4 5 6 
7 8 0 0 3 4 5 6 
7 8 0 0 3 4 5 6 
7 8 0 2 3 4 5 6


7 8 1 2 0 0 0 6
0 8 0 0 0 0 0 0
7 8 0 0 0 0 0 0
7 8 0 0 0 0 5 6
7 8 0 0 0 4 5 6
7 8 0 0 0 4 5 6
7 8 0 2 3 4 5 6
7 8 0 2 3 4 5 6

beat = 0.16s

7 8 0 0 3 0 0 6
0 8 1 0 0 0 0 0
0 8 0 0 0 0 0 0
7 8 0 0 0 0 0 6
7 8 0 0 0 4 5 6
7 8 0 0 0 4 5 6
7 8 0 2 3 4 5 6
7 8 0 2 3 4 5 6

7 8 0 0 3 0 5 6
7 8 0 0 0 0 0 0
0 8 1 0 0 0 0 0
7 8 0 0 0 0 0 6
7 8 0 0 0 0 5 6
7 8 0 2 0 4 5 6 
7 8 0 2 3 4 5 6
7 8 0 0 3 4 5 6

7 8 0 0 3 4 5 6
7 8 0 0 0 0 0 0
0 8 0 0 0 0 0 0
7 8 1 0 0 0 0 6
7 8 0 0 0 0 5 6
7 8 0 2 0 4 5 6
7 8 0 2 0 4 5 6
7 8 0 0 3 4 5 6

7 8 0 0 3 4 5 6
7 8 0 0 3 0 0 0
0 8 0 0 0 0 0 0
7 8 0 0 0 0 0 6
7 8 1 2 0 0 5 6
7 8 0 2 0 4 5 6
7 8 0 0 0 4 5 6
7 8 0 0 3 4 5 6

7 8 0 0 3 4 5 6
7 8 0 0 3 0 0 0 
0 8 0 0 0 0 0 0
7 8 0 0 0 0 0 0
7 8 0 2 0 0 5 6
7 8 1 2 0 4 5 6
7 8 0 0 0 4 5 6
7 8 0 0 3 4 5 6

7 8 0 0 3 4 5 6
7 8 0 0 3 0 0 6
0 8 0 0 0 0 0 0
7 8 0 2 0 0 0 0
7 8 0 2 0 0 0 6
7 8 0 0 0 0 5 6
7 8 1 0 3 4 5 6
7 8 0 0 3 4 5 6

7 8 0 0 3 4 5 6
7 8 0 0 0 4 5 6
0 8 0 0 0 0 0 0
7 8 0 2 0 0 0 0
7 8 0 2 0 0 0 6
7 8 0 0 0 0 5 6
7 8 0 0 3 4 5 6
6 7 1 0 3 4 5 6

7 8 0 0 3 4 5 6
7 8 0 0 0 4 5 6
0 8 0 2 0 0 0 0
0 8 0 2 0 0 0 0
7 8 0 0 0 0 0 6
7 8 0 0 0 0 5 6
7 8 1 0 3 4 5 6
7 8 0 0 3 4 5 6

beat = 0.08s

7 8 0 0 3 4 5 6
7 8 0 0 0 4 5 6
7 8 0 2 0 0 0 0
0 8 0 2 0 0 0 0
7 8 0 0 0 0 0 6
7 8 1 0 3 0 5 6
7 8 0 0 3 4 5 6
7 8 0 0 3 4 5 6

7 8 0 0 0 4 5 6
7 8 0 1 0 4 5 6
7 8 0 0 0 0 0 0
0 0 0 0 0 0 0 0
7 7 8 0 0 0 0 6
7 7 8 0 3 0 5 6
7 7 8 0 3 0 5 6
7 7 8 0 3 3 5 6

7 7 8 1 0 3 5 6
7 7 8 0 0 3 5 6
7 7 8 0 0 0 0 0
0 0 8 0 0 0 0 0
7 7 8 0 0 0 0 0
7 7 8 0 3 0 0 5
7 7 8 0 3 0 4 5
7 7 8 0 3 3 4 5

7 7 8 0 0 3 4 5
7 7 8 0 1 3 4 5
7 7 8 0 0 0 0 0
0 0 8 0 0 0 0 0
7 7 8 0 2 0 0 0
7 7 8 0 2 0 0 5
7 7 8 0 0 0 4 5
7 7 8 0 0 3 4 5

7 7 8 0 0 3 4 5
7 7 8 0 0 3 4 5
7 7 8 1 0 0 0 0
0 0 8 0 0 0 0 0
7 7 8 0 2 0 0 0 
7 7 8 0 2 0 0 5
7 7 8 0 0 3 4 5
7 7 8 0 0 3 4 5

7 7 8 0 0 3 4 5
7 7 8 0 0 0 4 5
7 7 8 0 0 0 0 0
0 0 8 1 2 0 0 0
7 7 8 0 2 0 0 0
7 7 8 0 0 0 0 5
7 7 8 0 0 3 4 5
7 7 8 0 0 3 4 5

7 7 8 0 0 3 4 5
7 7 8 0 0 0 4 5
7 7 8 0 0 0 0 0
0 0 8 0 2 0 0 0
0 7 8 1 2 0 0 0
6 7 8 0 0 0 0 5
6 7 8 0 0 3 4 5
6 7 8 0 0 3 4 5

6 7 8 0 0 3 4 5
6 7 8 0 0 0 4 5
6 7 8 0 2 0 0 0
0 0 8 0 2 0 0 0
0 7 8 0 0 0 0 0
6 7 8 1 0 3 0 0
6 7 8 0 0 3 0 5
6 7 8 0 0 3 4 5

beat = 0.16s

6 7 8 0 0 0 4 5 
6 7 8 0 0 0 4 5
6 7 8 0 2 0 4 5
0 0 8 0 2 0 0 0
0 0 8 0 0 0 0 0
6 7 8 0 0 3 0 0
6 7 8 1 0 3 0 5
6 7 8 0 0 3 4 5



  











 


